  2 133  10  77 204  34 187  54  51  71  73  98 147 121 205 235 (  0 -  15)
180  79  21 226  12 202  41  47  76  38  49  93  27 230 136 234 ( 16 -  31)
  4 135 209  33 199 241 104  69  84  15 184 238 227  78 126 213 ( 32 -  47)
228 158  45 233 188 246 116  94 117  64  23  85 134 220 179 236 ( 48 -  63)
123 173 195 101 110 156 186 140  43 132 245 143 208  18 119 139 ( 64 -  79)
244 106 122 210 112 242 218  65 144 160   0  92 185 166   5 219 ( 80 -  95)
127 174  67  61 217  89 171  52  68 145  16 216 141  72  40  19 ( 96 - 111)  
 58   3 222 130 146  57 154  83 128 118 207  50 200 225 197 169 (112 - 127)
  1  53  97  66  55 211  56 105 191 198 194  46 159 175  11 172 (128 - 143)
247 142  80 103 149 114 183 214 111 229 170  88 232   6 182 164 (144 - 159)
215 109 163 138  99  35 206 231 196  86 120  31 240  96  75 129 (160 - 175)
193  29  36 252 108 224  14 152 190 189 150  32 248 113  28  42 (176 - 191)
162  17 131 176  39  63  60  70 181 192 155  87  24 151  44 212 (192 - 207)
177  13  90   8 102 251  95 124  22 249 255  20 115 203 237 254 (208 - 223)
148 100  81 168 157 137  30 243 125  26 107  25 253 161   7 167 (224 - 239)
 37 239  82  62 221 201  48 165 223   9 178 250  59  74 153  91 (240 - 255)